9417
10430
2280452
9202
9420
9418
10497
9421
9603
9424
9441
9436
9428
9426
9444
9443
9407
9408
9386
9390
9391
9356
9383
10584
9419
9427
9434
9532
8653
2013
2546
3230
2586
3646
2544
3659
2665
8795
8675
5695
2603
5278
3665
3669
5551
3957
5544
5697
2015
4386
4237
5208
3671
8527
2482
3954
8737
4111
3654
3702
3704
3650
3223
3228
3225
2621
3234
5487
5555
2010
2024
5455
5490
2006
2012
2028
8458
5206
5274
3672
5547
4291
4249
2450
4035
3652
8448
5499
3703
2008
5784
4269
2662
2527
2484
3641
5254
3648
5276
4258
4255
4256
4243
4260
4274
2017
4110
3661
2664
4253
5459
5224
5251
5658
4285
1049
1023
