454194
1295769
1001725
319705
1440774
1001729
547163
1001714
1306401
1127134
278992
1003195
996637
1078086
1283301
218496
1005703
680198
31964
698968
548476
1007104
281090
473781
1299331
1427180
1179773
1246995
164757
1295746
1295742
1448609
1448574
1448460
1335416
1001712
1198627
1304279
648999
334542
446468
1203575
1097669
395095
1494608
698971
196627
1078020
1765
413996
1427300
543736
478434
1448482
710685
1001734
369723
1833
640132
471857
979556
553199
944560
459424
83332
68570
935298
698967
1299330
1773
478435
1397857
83331
1397885
1397875
1295765
1295721
1448570
1448470
1001713
141454
471856
479435
446470
2045
1316928
246196
945711
698973
104605
1427236
443149
652616
1427250
1427205
1427178
1427259
1397926
685727
1435356
1295739
1267362
1354151
1001739
36809
1768
1133849
1160705
452652
1452723
1138877
1048245
1719
1267754
401472
710421
1299329
1427241
478433
1397876
632772
1448579
1448523
1448483
1001736
1001740
1001728
1001710
1001727
1001722
525370
203267
1229781
1268303
1115803
1249615
1299326
1133850
65058
340322
1427223
1448590
1448589
1295781
1187065
875328
1769
1001733
1001708
1001704
1214102
1001707
100226
477641
1203549
1170318
1203571
1134474
1198114
858619
1427191
1427320
1324246
1397872
1295757
1295724
1295799
1335417
1335421
644283
590998
471852
478801
273677
1184607
861266
698969
1348662
1203567
1203563
1229671
1232724
1427182
1427275
1422045
1324281
1324262
1324228
1402600
350054
1209984
1299323
391037
1219013
298654
1205910
479433
1114967
682795
945712
1117942
765874
1274
465515
1427318
1427272
1422025
1397859
1324283
101510
298653
1295767
561304
1299325
1335409
1001719
457425
1344956
1114966
1203634
576784
227882
1487956
1121362
1470591
13689
717522
561275
1427312
1324284
290399
1772
1448522
1448486
1402967
1160712
713604
525909
1830
557599
443150
1010836
1010834
653045
1265601
457430
1203460
1121353
525260
1427229
1295766
1448592
1303024
1001705
1001709
1299327
1299328
1487711
1156913
1136877
443906
504474
1270
243243
1206780
1427237
1448584
1397878
1397874
1324237
1421987
953739
1278076
526226
1125724
240015
698970
698972
698966
1718
1203619
378753
1389489
1348338
1427296
1168287
1168288
998092
1427239
1427295
1427282
1397867
1295740
1354187
1335410
258533
314266
471853
593907
1504317
1203568
401053
1461584
1087451
1203625
1203558
322611
223184
1427240
1427177
1427258
1427329
1427323
1422096
1421980
1397920
417290
196162
1001741
1160711
134676
649831
2047
164756
1214242
455632
1291006
679896
306537
1285583
1204414
1203632
1203627
553207
1427209
1427294
233413
1146883
1448595
1149134
1001711
1335411
1001737
1001730
358823
1218177
1427749
1136179
106370
269800
679194
1205675
1010835
1006579
1427221
1427231
1427235
1427211
1397866
1295773
863935
1267356
1417005
561007
1221524
446462
1385521
743718
1203629
1302242
926566
698963
196164
1310161
44454
1138382
1310115
1427232
1427213
1397930
1397879
1295725
700508
1068978
446469
521096
1112204
512565
326424
267747
452863
935697
681645
558173
1224163
266940
1335420
1423526
1427319
1427299
1427273
1324250
1295764
1295759
1295720
1448481
1448474
1335415
927661
446471
1134454
1276648
745310
290340
930171
1097677
1168865
1089446
419947
336982
1427308
1397931
37919
710696
1123269
469383
1087483
1436723
1234380
189918
1437856
1205677
1205676
572418
410289
591167
1224164
862512
1427204
1427185
1448546
1295774
1448502
1001717
1335414
1001706
1229516
1299333
247156
1415166
1421017
443218
337191
1114969
1451189
1161911
1717
1199187
1427215
1448586
1295760
1397871
1324280
1295763
1549858
1448469
288705
1313172
1460371
469371
762948
1247714
1203633
909952
1031709
662755
996634
1335418
1306414
1397922
1397858
1295772
1295747
1421988
1299321
1001738
1273687
1324261
392499
446466
1292023
1203631
562973
66712
1343740
698964
525264
1236550
1219049
262316
1448478
707235
675635
479431
1448585
1310114
1427226
1423474
1001724
1001721
1001723
1299322
1335412
318424
234621
313589
498211
749414
1074485
1306400
1427246
1423486
1422043
1397865
1295745
1421942
1448464
1288036
278137
1001726
526225
479432
1118963
645127
1087452
1087454
156978
698962
191610
1138871
487521
1324269
350058
1091500
1295744
1324258
1295776
862751
67332
1160710
1032480
1091045
889513
1200352
698965
1138383
1427234
1427306
1295723
1324278
1324223
1324221
1295756
1421979
1299324
1335422
1195457
446465
351607
1087453
1427227
1427206
224324
75906
608538
638303
661478
760192
376686
402612
96345
655815
309807
1168034
761193
762903
1356852
1185876
1317122
929556
1286632
313598
983548
1300343
1348584
619693
1246994
1122985
873517
700598
1341155
1107311
1041826
411154
504472
929562
1197477
867900
641526
1166018
743722
487797
754409
313590
216432
313603
688270
221126
1227272
936370
1127693
1125720
886377
485918
1202532
1144313
1452724
518766
649349
388413
866536
1227739
979
1328323
313594
1336803
883155
1046627
1117646
1117645
575614
641143
1203603
1411021
1127691
1127692
1492738
991
362418
1452725
1453498
762570
1524460
1189619
926556
880070
746697
471854
643867
860228
946077
313596
1348585
1495334
1137281
1144253
1125719
521097
1125721
398720
1250005
755732
1411022
716544
765953
1444712
765952
926550
324602
485913
480224
309801
326427
765420
926569
166587
383372
357808
479434
313624
1499500
59921
32051
110662
166314
1165095
391612
102129
167544
1501268
59925
221360
582515
376219
379383
74545
167549
1280380
585425
84588
292564
46234
93057
59926
1499498
221359
585423
316279
1532906
1499499
167548
167547
167551
167550
93060
59919
190047
313625
1496688
1165094
1183438
267872
1501269
167545
59924
74546
316278
522772
1379858
745776
693977
319795
1182571
937777
1489678
1476583
867903
2334
649639
527000
527020
527027
1405
526972
526979
1302650
1204342
1001582
1385727
1338518
1150475
1114958
1390
1384051
272558
1233873
1526927
1482
1236974
768704
1399115
527025
1195464
526988
526981
1423
1052588
1570330
1091041
1390372
398511
1367477
666686
235909
1078505
997761
1036673
403957
1461582
1265820
1388012
282459
526994
225726
527023
527024
526978
526977
527032
526983
135461
1409
1404258
1220533
1089443
1087448
1423138
545693
1404
1131730
324057
28031
282458
1051632
526987
526982
526990
527028
526968
1495315
224308
1233100
1192196
692420
1449088
1225788
1478
997296
941639
665952
1307436
1384057
1268072
1042163
1388698
1388690
1423734
717605
527031
527026
526992
526991
526967
526971
526973
526976
527022
526984
720555
936156
999891
1034836
592022
1455
1565991
221109
1408254
358681
1284
679936
644966
439292
360911
262543
420246
526998
526989
66797
1415167
1150476
1126211
66692
655816
1476857
545501
634956
562970
44251
267409
292459
471223
1388004
527021
526974
526969
526975
527029
526985
1529886
645657
1437006
1267547
1155777
1412898
326423
1415165
1136178
550542
691437
1111068
1116391
491915
1298598
1388076
526986
526999
526993
527019
527030
526980
526997
526970
1147161
492670
1052585
1145276
581103
944559
544556
1388200
889306
663951
886293
1263870
993517
993516
1263868
243090
991778
1263867
1265738
575540
344747
1142394
530564
120965
1341676
1128912
1447536
1094979
1116090
562
1207055
762376
114615
1439854
211076
13373
218111
1122180
1415629
931281
1495331
543728
208964
1294143
1147786
1367847
1365817
1240773
1308980
570417
1147787
437671
1160230
1416753
266265
1402488
1402492
1123519
1160183
1328352
1460647
1435991
28450
318586
1240761
1094491
1457173
555793
1427331
176299
1437443
889241
32022
197
348824
440085
391597
1328344
1504981
1339265
317013
1051646
207949
351745
1144322
1238442
1348058
223926
316055
316056
1418248
1310749
1528098
1035
1105112
935296
909943
718271
444178
1293914
1402553
1402517
1402551
1219065
335283
672
864073
513053
587753
477228
984195
1211705
670
314265
28095
1439857
1105113
416276
1165841
1238212
426117
1458267
1286093
325240
626418
1121922
522373
1163408
292
234826
1121014
1173957
1385515
667019
1338034
1439940
908290
1280984
1418247
1402558
382
1346614
1224746
285
1459636
1202539
889244
1331285
693748
262698
1160192
29461
1354302
1229909
1144309
204669
557724
1435986
1116130
246197
1444255
1116129
386585
1446567
1182724
1182718
1402498
82996
1331267
13690
1408264
1434210
520456
1293915
1160168
1169239
645170
1160222
1160213
1160211
1287105
1331229
426355
1444036
1116154
444449
95619
1224747
644
1105099
1260251
1447537
266779
420662
1033813
1310686
1492281
232721
1379159
414684
375286
216591
1439855
1333998
1169217
1160209
1434196
1434207
1435984
69328
1280938
1499686
349101
1444072
868161
1317678
358220
1247726
72605
211077
544632
1435044
1352354
96563
930166
1110502
983920
1331060
363754
1127483
1535422
86473
1381117
1094559
1033991
520455
411684
1129794
1286631
375
380358
320483
269484
423212
1343079
1434930
573059
550682
1038922
1458257
1329909
1510041
1336745
1017264
1502852
1227924
204722
1328346
205920
1402502
1402531
1402489
1297570
866909
212042
1238195
105559
638315
1300350
1248903
1220535
562019
448385
293614
320771
1331257
1383068
1365654
1086033
1341671
1206777
1341672
327275
1402501
1402547
267850
28068
1287326
1472716
396598
1163407
305900
314271
367336
698936
887061
1346790
1331231
1331237
1331235
1429916
1293918
1160164
1125747
1532558
1169244
1160225
1169224
1160218
1094180
754504
634456
634455
741093
1116172
869671
1281166
891974
889233
648
1160223
1198680
1287252
1183154
1265313
857087
992012
1379698
290398
868183
585035
1281158
1169329
1402554
1144708
1453496
214092
582
1327989
380703
158500
323097
1300255
1219045
1217721
1437001
1005520
1322345
364106
1240776
1082932
1402568
469613
717774
1402975
1144307
889214
288000
1441931
1241582
402626
1215088
1262456
381666
290400
365044
1504672
56459
1408277
1281056
1402548
1522072
953
246273
1249471
1402493
1125697
1144319
535289
1328348
388399
316057
1085027
595498
1434198
1435995
1248823
413997
869729
391165
1032845
366616
1412492
563045
1208591
1331202
797473
888741
1331207
1436999
425104
1519190
1418246
1402487
1402524
1402518
1402571
1437872
1287289
1230476
883101
1505946
69974
481805
1402575
1331262
160660
1458264
1144312
1434928
884204
1104321
1328343
886738
1402528
1402519
1321370
1198232
1506588
1287074
1287296
1439852
1249663
269482
257313
566546
1181730
1182707
869672
983918
1441462
1384459
357244
1300256
529
1280954
1238200
395019
745411
1435461
1444052
1444107
1116173
1281170
470
497978
1311093
1398972
903912
1134503
1450518
447217
1202536
742159
693986
1123367
1169225
1247411
1094181
1434205
1435989
320389
483219
1444257
1116162
1115997
868164
1446584
1096997
518
329
267608
272568
443144
1169232
1328339
409026
693750
1331271
1250339
58051
1055524
1296990
359391
87883
254945
1306418
1230587
1435058
1402570
80866
1367493
1287321
246200
349102
1435992
1402491
1094551
391619
1331209
1331205
889237
294
882800
536230
1402499
1402537
1402526
1411700
1402497
1184263
1144328
1535421
870967
1219067
312153
661367
1418239
1310725
663917
338963
1094563
1331212
1365657
889220
1435983
426114
1198698
316273
1280952
196600
1386078
1144305
634453
869679
1329907
1281172
1281010
693982
1144315
404589
690566
889235
1435367
1198693
1169237
1005395
287
1407053
1434202
180282
634458
1385369
868166
300268
1281169
1181754
1005522
1402572
1028801
257310
1331221
1331215
741091
1095774
1094557
889236
1331249
463794
29498
1287117
192
1331224
585397
1402578
1331200
1495854
1027273
1447541
391613
1434199
1437005
885276
1281149
1311074
216596
192222
745014
1423891
1169211
1160173
1402540
1402516
1247646
342109
666685
1177181
331272
68895
1434211
1435369
557760
1116160
868195
1217638
1094560
582744
1331227
69279
1439859
536056
1458275
1288494
883163
1434200
207954
1340851
190893
1247713
1439856
1437002
1116102
868148
698761
434085
1315272
1287294
743721
983919
1402545
454957
1197727
1395516
1398085
316401
1424334
1116105
1446543
1281110
1240770
264730
1311096
1398977
903894
1444315
1151116
1288970
1502724
1435370
1249653
392484
1453503
450396
1282361
634459
1248915
1402565
29459
1121939
1196835
985079
326442
431944
271848
1123360
1217630
77133
1160203
1449350
314280
1435371
1435373
437687
303
1195885
1435987
1231392
243159
1458263
235
1244532
390235
1280947
959
1117313
868207
1107881
1064539
1331264
1280941
1031710
1086032
1097668
1396859
32042
1569284
550540
1207063
1072459
1418110
404380
633149
889234
1328347
1284393
1524267
1402566
1437000
391593
987057
868167
1169397
1310611
1331220
1460381
1408223
754523
40324
314225
1440054
1045855
1388739
290339
1116010
1281008
568708
1427985
756883
1202537
889227
86192
1245469
983917
1435365
1215087
1259844
859657
1279008
1408276
871271
573658
1397666
504832
76114
476282
1028800
342113
1249474
1306419
1388763
1279007
1352355
1089456
1245471
996285
1420599
220664
38294
66084
596153
1144275
1007105
1299319
1434209
1434201
1437003
1392005
398578
859656
1427342
1397533
216595
266
1365818
1002672
314261
244581
859653
991905
568707
1208658
1037409
1434204
1294273
1448140
1038924
391
1211579
977880
398580
150396
1287281
1096769
1437824
349215
33066
1249468
1091042
859655
1414836
1160184
1439858
744985
1115999
1402980
272943
287752
573234
567106
554131
516466
1434931
1042209
283166
347834
1208583
1234595
1408164
442562
1281779
383629
1338035
354242
195099
360109
1034943
565050
1107544
42565
1264675
1287226
1324957
1402579
1447532
1085630
911241
396597
1449358
933093
1383065
1238194
272560
1435050
336407
1105100
889250
1004786
990285
1306421
666681
1169210
261292
1410620
1418235
1144334
513052
1238449
314289
1036672
1054213
402881
544404
868143
137722
1240764
1458256
990268
1331208
1331284
392500
1454004
1336752
247633
1402543
1402567
1388764
1297569
1163748
1287285
513051
222891
1137799
1418242
1331214
1187851
1331256
1162282
1331210
296
272630
56
75379
1160227
399599
1402525
385025
626887
543913
1390370
1163409
1538553
1238430
913325
91891
1435048
424182
868154
1310712
2340
292415
999141
320372
1086034
1086036
437670
1169203
1131758
765698
1397532
1454002
298386
1223566
911243
1238441
1168065
1434925
444450
1181749
1282356
1458258
243160
1435049
1169222
1112912
1104320
641140
1223802
1447531
640512
1274403
482957
1470590
1177154
511062
1051649
1122185
1400861
1134509
360111
1367443
1132836
1004788
1247644
80854
314285
1249651
1333855
314283
1287336
1037915
551936
1238431
1125980
1502784
1331269
980514
395492
1348657
360108
1035191
653930
1129374
1195246
1169207
1051061
1545442
247639
1324332
1390371
318161
555778
420915
1238443
1036674
156578
1435996
351605
883078
1051974
1331282
437663
1454003
1423892
1402527
1402555
1402541
1402563
351348
291331
1113728
1470558
400673
481009
910348
1105103
1217644
889240
1435990
1198699
1198684
1388743
1149133
1418238
1402582
1402557
1441461
1447533
1082933
283942
1144338
1287298
60550
114707
1240763
651182
477184
1380767
1437004
1435993
1328356
1050720
568815
451
1402521
1447540
1009714
1207058
1287325
1238432
1366050
1238208
1439861
714962
497964
1202538
1331228
1331225
1328349
1169209
1051056
1235457
1443105
1286151
1402534
1331059
1402576
1285581
1287338
28173
1449351
316058
315456
1240762
1105111
1310710
1310707
1043206
449216
1192034
122355
520452
203122
305
859192
1437873
675817
701176
1287307
406425
1144325
512030
1051645
1446599
1105104
868144
1418244
1458261
1458265
1416914
889252
1198682
318167
693972
1286640
1447544
1402564
1287313
1287308
1269275
1335307
766499
868153
926570
993047
1331232
1331216
1331242
889222
1189611
1169215
1160174
1031711
911240
1402536
1094185
1397528
868597
1287277
870968
1444080
1446581
1280986
869687
1311090
557600
272944
1331247
382640
1121022
1331203
1208365
1408887
1328350
1388745
1401243
391036
945543
1238206
1434195
1241583
1249667
1444187
1281171
1169332
1240772
207559
693216
862719
579405
1160166
120576
1160185
266834
1287233
1315978
1444132
1048689
157782
1311048
1217677
1217676
61647
1282363
1134505
1144314
1229491
1385624
520450
1341670
1160163
1160197
1229908
990315
1163392
1229785
1331243
1444142
1446588
1328434
1402507
1402560
522306
383381
1408185
1328351
1160208
1160179
1198689
314279
666684
1331253
1229514
585055
1444068
1116152
869689
1116026
706587
1432050
1300253
1234597
861208
1234381
1468410
1212548
1175306
1096546
1281052
1182700
1402509
1402485
652611
1440052
1413216
1402978
1239307
671143
889225
395491
882378
1341674
1328353
1169243
1330035
1160189
941967
1160226
1160224
1245474
1446578
199310
1198108
1217645
1310601
1331275
1401659
93218
1331277
1160191
437685
1163396
1197721
1009846
573060
1383063
1249634
1444047
1444245
941322
585054
1446751
685038
1281165
1281072
1240775
1290427
1420596
470735
1160160
1169242
925775
1287089
1238202
1238182
981222
1444098
444447
1438686
1280995
869670
393305
682634
1134502
1223565
1156935
1198452
889230
1341685
1198686
740709
1121015
1306420
1434927
1435985
868178
595496
1402561
869669
1402580
1418107
266264
549
1290428
1009852
1208664
428994
1293912
1328354
675811
658445
1335757
1249650
1412841
1249662
1297742
1444219
624
1328433
1280969
869688
1402574
903919
561229
1028307
158822
743299
491916
1300259
1439860
520488
1293920
1198679
303682
1056511
759362
1003200
1248902
1116157
1116177
573235
1328445
1181768
1068619
1402559
405416
903907
1169213
1160162
1280950
325777
1431713
1287275
1144344
1238216
1444092
1116004
868209
754090
869676
1446760
1281067
869683
431946
1331239
1331219
615
693444
1208660
529884
1160233
1198690
1160220
228410
1419583
985076
1444070
1444230
1116165
1125646
1116022
1438681
1402577
1391912
269799
1217639
903937
1328306
1402135
856793
1435363
1198688
1029825
1249655
1287120
375451
1178482
57975
155864
585395
574521
1453472
1182726
1005491
1402495
1331255
1331273
529120
1388760
1160190
1144321
1238445
297246
563772
452637
641491
1509405
913069
1229521
1094187
1385724
1290429
1418237
798130
94122
271420
1397526
150340
317
320373
1185766
1446765
1444088
1446595
1182717
1217673
1311092
1310748
1310863
1293911
889242
1160234
1341669
1328340
1169214
1160171
1160229
1160210
427082
228405
1177179
302409
1331245
331112
1240768
1402511
1331234
883080
698738
1349767
1037911
661410
1434194
1415630
557722
1408271
1301098
397945
1298865
95486
500168
1434192
1434193
1435999
160488
395495
1246301
266835
1407059
1028989
1182590
883079
335992
316
360118
983594
1225174
76869
296591
1091494
1408274
208963
644801
1287086
1124983
1207075
1458461
569881
1236909
292805
391616
187272
349521
72606
1318628
1408275
1401685
381754
994484
391591
342108
1094497
179882
406819
1292034
861109
1261130
1224742
1446466
394096
387092
683083
1211776
407148
889213
360110
1365653
1247648
1495066
314608
1051057
1144310
1447543
1163399
1604022
1144337
314288
1238217
1160178
1435362
347255
331869
1229
990271
478547
889238
1197174
483179
1402512
1447535
758793
758796
1453999
1287292
121723
314292
1144323
264198
1144331
1238207
314278
360910
1240758
384
1052004
1331213
1331211
36855
1401691
1323664
1144336
351016
1238447
1238218
1365187
1435997
1240766
1458260
378806
1436884
889249
1004787
1330036
1160177
1051060
1402515
1402490
1402523
1131757
1304892
1307437
338969
1238448
709797
443143
1484157
1331259
320388
1004954
1081927
1418240
1402530
391008
1461766
1238446
1385517
1238223
1238198
1331233
885275
1105109
1105108
1105114
1105094
562971
1380768
889248
748247
1418245
506534
1333539
1287322
1229205
1335308
1238450
1395571
314264
575788
314291
1038923
1240760
1310781
768492
889255
889251
715451
29581
520487
1341645
1402542
863365
675812
1001886
1268237
1144324
391735
391574
195105
1331240
883
265668
1458266
889217
1365660
1346791
1431453
520465
1402573
796620
1328313
399795
379097
314290
1238205
1525218
391774
1274814
1418236
1310756
1105101
349163
243231
1331254
383631
1169208
1454008
1470593
1402562
1402506
1118156
1287303
1397527
1400863
1238193
314267
395960
1446729
1447534
1237085
1202540
889219
1029756
351746
1388744
1388740
1402514
1094184
314565
398577
338187
339670
396596
627611
1461581
1240759
1310784
1198683
430066
1346287
96901
1402486
1238451
1249621
574750
1184254
1298599
1338032
1238224
1081889
868158
1191523
1331201
314277
441620
1169230
903510
402882
60480
757424
1247647
1331007
1144326
1219076
674977
52598
1435364
868149
768493
1458259
1331199
1365659
1391729
985010
1051055
1402529
69929
434131
493475
1038921
234831
722419
1184253
1333856
469008
1418241
1311135
1134508
1247725
1458277
1385720
1172205
1331206
1160232
1328357
1169236
859350
1447529
1447538
1287287
1333854
1415170
1430884
1217418
1438696
1123863
314276
1198700
1160165
1535287
428406
1169226
1169223
1212549
1144342
673519
297245
1331226
1444062
1134782
1116175
631454
1397530
932677
265726
1331204
889224
452662
1211777
314253
1160201
1160198
1287116
675814
1411685
1288298
595495
1116139
868169
1281270
1281135
1397531
869684
1048266
696749
525371
1134506
1385721
1198678
1397701
1160206
640510
637910
1138308
62977
766166
511145
1444276
1116138
1281142
488142
1402979
1094489
85701
520457
1160187
1127673
1198697
1348114
630626
1444239
1444096
1444274
1281068
754088
1331061
707241
1191061
903926
1331276
314231
1242864
387662
889228
1160193
1160228
1198681
1287243
46914
999552
794903
999541
633146
519
1331283
1444217
754082
1438695
1182694
1402500
444448
903910
583355
481448
1331252
1169205
366394
690417
1331223
1151231
1444139
1116153
344610
1446750
1281083
1182685
1402546
1402520
1353532
1401639
1310755
1532557
283165
634504
1169241
366602
437684
658080
520466
1235461
925776
1412840
585034
868187
439855
1280980
1310764
1402538
1402503
1117943
889226
1300254
1390361
1293919
907261
1160194
1160182
435908
305700
925777
393595
216778
868208
868200
1281019
1169318
1448139
883126
320390
360313
243365
634457
405955
1328435
1281235
1402533
1068621
1310636
684719
903933
903895
634503
1502851
1331250
1169221
627192
1287268
1441629
1249476
1169855
234267
1123237
1331279
382245
670892
1343073
889738
1217643
272951
1334564
1094492
1081644
1169231
1328360
497321
1287264
1042878
1238214
1249665
425067
1151216
1116174
868188
869695
220341
768490
1134501
1174684
1331280
1160196
1444247
216592
1403831
1328859
1444168
754089
670888
1446583
1355100
1182686
394
871585
509170
1217637
880591
1122207
380394
1365655
1196325
1341684
1160169
1198692
1163395
1287085
39960
1238201
1434197
1444064
754083
1402556
1100841
1331266
1331248
1101195
1332072
1105098
1331278
1300257
237609
1249654
1408224
1056512
340
981368
365046
1517681
1107882
83333
1444044
1446766
362663
1281247
1402552
1310985
1427332
1167634
889229
314260
1160172
1198687
1396858
391937
1160214
1287270
1231058
167879
1438678
502346
1402522
1006551
1096995
1402977
1120705
370622
795666
1192124
1331230
1402508
317655
436115
1051059
1341686
1402496
768066
1287182
388401
340184
1444094
472759
272624
1444154
868182
868145
1446507
1446587
1281243
1281096
1280964
205918
1217631
1301087
290397
279058
717785
94624
93220
509190
1290430
500167
1435982
1435372
1249659
1185652
384676
1177928
163164
1435057
391626
536019
1005048
1543381
641564
1306417
1001585
391595
379731
187303
1357994
1170703
983545
1402535
161528
1333853
1341673
1268236
1212491
1120924
34007
1201032
1436885
1435998
1293922
398579
1441460
1418243
323850
391038
314287
675816
1387231
1238215
1298600
1105105
1310795
290633
159087
511
1458269
889221
323848
595497
520454
1402494
1339264
211586
1418096
1268635
115808
1144333
311458
316385
868150
1105097
1458262
398000
85698
1331281
557598
1434926
1096930
1204738
1284392
366649
1287280
1217107
436717
1310721
1094554
1238668
1198695
1402550
1411701
487899
701175
1171375
331271
1238204
563771
1238220
1457189
314262
1310754
1114964
889223
1331238
1399145
1293913
342610
1219072
914127
1268068
1117316
1238213
992186
1105107
293613
1280937
1306165
452659
889245
1331268
1169204
1336753
693973
1447530
487849
1118965
1287276
1199154
357348
523791
1443104
1156937
754436
889243
1232683
1457154
1156940
377629
930169
314232
1173064
419109
265072
258594
1402976
1547437
1198685
1169206
1341675
1402549
190485
1268239
937772
1464546
1437113
1255043
1420916
407976
1402539
398527
386429
1383066
1144317
585056
1311097
1105367
1427333
360095
1331236
1331222
645464
1331270
1160176
1198691
358
224914
985078
1136163
1429044
1331272
1444222
1444160
1116176
869694
869677
1357279
1217985
1116158
1385722
1328359
342110
1287106
1287274
1217716
866768
1116025
754086
1181780
1217653
1311095
1331274
491952
743278
645
1384056
1444170
1116159
1116140
868198
551947
1400867
1331261
1088869
46429
680
1365656
573065
1160204
1160207
1169229
1280953
591946
1281059
1281022
1181745
1182719
1402569
1048254
575584
1217627
1432055
592316
1094564
1094561
455488
1331218
1328355
470137
1388741
1160231
1169227
1353533
1179778
237727
945550
634454
400668
573
1133853
1182711
1240777
1402544
945556
1311113
395965
889215
439375
1337887
1169218
935547
1308541
883100
525897
1444115
1116027
1116011
1446497
300269
1169339
1005535
1286170
1112217
480119
1217646
38323
1121923
1328358
1160170
1160161
1127672
1444196
1444077
1240769
1402505
1402513
1217689
1398991
1331198
399741
1385723
279238
595537
1238231
574556
1444102
1116120
1116000
868165
1310670
1281066
1348660
1331265
165694
1461752
1403053
1331263
1300258
1220581
741978
1160202
1198694
1287232
1184266
1238196
1116164
1116039
655817
1281201
1281046
1310648
106592
593105
1365661
458817
1288826
1287258
1287334
1199191
392021
1052095
889247
1198696
1604021
28229
669
563773
1444146
701177
1382700
1068614
1262663
1096996
1217634
712898
1402974
1266765
1201288
596154
754035
742013
1434208
1249477
702113
1408273
1408272
941193
1114970
292414
1430440
868159
1169348
1181756
1236908
643561
1342299
1283330
1283331
763057
82789
1423144
399739
1123366
384765
334380
1287256
1238211
391624
1288313
1331244
1254432
696125
1249480
1347340
1295010
1324967
323098
1055526
693974
1402504
550984
937450
190486
270374
1219077
43655
767434
388739
1105110
1134510
1331258
1365662
419610
153948
1160199
1328361
159450
1280944
60481
1435973
85643
1117314
1380412
1434932
1240767
1208661
460265
639283
1004785
641118
1144304
1328345
1388742
1339266
1339263
1447528
1402581
1408193
1163397
360094
226910
985077
243233
1144339
89187
1156918
634500
1105095
1435374
1293921
1336203
1353536
326297
87626
1184267
272627
1310723
903923
1094562
502025
889216
1169234
1085623
1408184
1144318
1125698
1470589
383911
1238199
1266844
1116021
1050617
1169388
941638
1094755
1322246
272947
1208590
889218
279714
1534978
1402532
1437444
252305
795665
1033802
1278073
1151226
1151225
868155
450851
889253
582899
589873
1051062
1160181
1282362
427081
887062
1282360
1238221
314256
1208323
1003237
1105096
394221
637905
744979
1447539
1423141
1312904
1117319
413404
1469613
1105102
1076550
1549810
1331217
889254
115561
1160235
443152
1127439
566679
1238197
323261
679895
1444129
1116091
1446739
1281122
1311088
1156919
1327986
691337
359
1328341
1169212
1160205
1208104
1249652
376733
868173
316435
1281133
1240779
869675
1068615
1311143
1593232
224911
395963
1169219
1506587
1384054
1461694
1434203
1331241
573370
1116113
1115998
868168
1281080
1333852
157783
903908
1004836
1160175
311402
1328315
1137651
1317124
1444225
868185
1048334
1310692
1168590
903897
1116155
1419584
1094555
28258
1160180
520461
911244
1169228
1163393
1218352
868199
868197
1412834
1068616
1455315
1310585
634177
1386079
1169240
1169238
1160221
1419876
1526762
1287100
1444275
868203
1281098
1068620
1068617
1310700
1116171
745277
889232
1266729
1169216
562729
1082931
956149
868172
1281088
1240771
869686
457401
1048256
1217628
1123069
743277
1247649
1341688
1160219
1287273
868193
868184
1005515
1048265
223283
435998
701347
1088868
568706
1328342
1137280
1088721
1160217
1287094
1281175
345632
1069631
1144332
283699
1406866
882
1116133
1134507
1225651
300
100901
1434206
1214225
1247645
1144306
1160895
1441459
1418095
688245
1117320
1116166
1438687
1094558
438753
703352
1402510
1094183
1280948
1069642
452638
911242
1538295
743720
758832
1240765
1163617
1144343
332186
1117647
331111
1116095
1116168
868151
1310717
1310727
1619233
1331260
1160167
1191475
1172194
1280991
1280961
1110693
1005517
903902
1469502
1502850
1353528
670307
1129793
1160216
383407
1121013
1116089
696406
1116001
585057
1438669
1331062
1217688
1310693
1310778
1160188
1487922
1444038
1446574
1217636
1134504
1225179
1444248
70775
1293917
1367494
1248727
488538
1240778
273526
322710
1400868
1435994
544630
1249661
693970
1457392
321846
1446547
396588
1343158
1310824
862908
1331251
1193146
1117958
1284404
1295076
1219080
1131451
1451188
1144329
1280946
357804
629262
1168588
1288394
748280
1118153
1160200
746360
1144327
1235458
399804
65786
633150
472175
1238209
1151215
360112
190650
1144340
1160215
1163394
1190567
1444174
1444182
1116100
1310681
509173
1311089
1311141
1124991
1281885
1286528
1231190
546272
204773
1219035
1280949
1335916
1444281
1151232
868186
868160
1068618
1310791
400667
29495
1169220
582402
490759
1384040
1125644
1446744
1240774
869678
666509
1293916
1215092
1144335
652103
868196
903890
1408890
585396
889231
1093787
1116096
1452721
1401257
579537
412965
745023
1417296
1151214
868146
409438
1150621
1094174
386428
412022
1117318
205922
1097676
1009694
213554
231023
903889
1249656
1434267
1444237
652620
59196
314275
1042876
1331671
83219
316407
1000565
1429851
1238444
1457393
754081
1438691
1169233
701522
1051058
1184265
388384
1300345
1238210
1454373
634452
1133852
1116136
911045
78245
1116163
1090927
1330531
225937
243924
391896
583345
869212
355276
355277
1049970
758847
1218598
1088541
1218564
1218565
1193050
1049976
1193059
456481
355278
1193011
1218585
1193051
1049781
