14133
278355
281983
282031
282129
281990
279163
282056
282048
282473
320905
321051
321284
332404
320840
311624
317738
321875
292379
273764
273712
98891
294598
97755
275913
278880
320134
311855
280651
278331
278327
278539
278544
278467
282027
282042
282057
277949
313929
283701
343517
317786
278804
277948
305744
273772
273804
282254
278839
278854
278999
283686
276922
278525
282229
281996
315146
283623
286665
319736
295565
317563
270904
276026
276638
320883
273907
273763
275857
276115
276924
278313
276550
278371
278340
278350
278306
278540
278512
282039
322075
291632
316040
288041
317258
275270
282249
273951
273750
96507
278936
276548
277945
278950
278905
278878
278959
278476
283660
283700
278324
278275
277503
281999
281972
276006
282446
322064
320440
276196
276356
276102
273892
273962
273963
282144
275858
278941
276923
278346
283684
278549
278616
278526
282001
281997
281989
282038
281988
281986
283661
311623
288434
284252
270637
276812
276007
321405
273948
273808
278923
278560
278559
278365
279201
282109
276018
281995
282040
282034
282164
282037
320860
287792
298734
317574
317752
155336
13808
273968
278891
279019
278244
278335
278342
278309
277793
282028
275918
312386
289212
346723
290656
295522
290731
310292
273765
273708
274437
274433
275871
275922
278882
278975
278013
278279
278259
278220
277790
282170
282192
281973
315058
283662
286886
343498
273649
317567
13801
273952
273906
273904
290570
308710
279017
278972
277991
278315
278281
283669
287252
278352
276021
282032
282020
281981
320889
299772
317569
317792
321428
320969
274152
273824
98811
95946
278852
278859
279011
278282
304085
282240
278615
278579
275866
275867
318292
270292
283716
276010
276549
276386
276649
322047
337986
321193
321406
273720
273688
278929
278351
278562
282044
282035
282043
276008
276009
337565
318307
317562
292375
273961
308706
275839
278851
278937
278554
278354
278339
278233
278140
322032
283717
275211
310341
13718
273766
273767
273748
273803
274438
307637
294596
294591
275905
280880
280461
278847
278939
278995
278982
278323
278325
278832
282021
282147
99062
288312
289217
347227
290495
13856
301742
273898
274441
274428
96629
307628
278940
278877
278958
279028
279022
278070
278133
278498
2282503
316823
281998
275868
312098
312069
310345
280824
321118
321344
292381
273894
273834
273726
273806
274444
274443
273856
278909
278994
278841
287538
278565
282018
282041
282022
282000
281992
321654
331865
318626
283624
286882
344706
317543
276107
276387
273954
278921
278931
278935
278911
278322
278358
98092
278225
278874
282007
318291
318201
291067
311055
317789
317546
13854
273760
273778
273807
275854
275920
276601
278932
278913
278494
278362
278310
282205
318296
311489
286680
275251
311871
286879
317549
310282
273902
273901
273774
273850
288146
275853
276491
279018
278998
278973
278248
278349
278344
278305
278524
278516
282026
286832
311428
317531
317476
97936
310244
310289
292377
273895
273896
276637
276603
279007
278495
283683
290833
95971
349598
281982
275993
317473
280693
276646
276110
276103
278806
278855
321748
273970
273689
278904
278885
278639
278359
278595
281979
282025
282036
276036
279165
282483
282543
321800
275813
275537
317568
273783
273903
273747
275893
278915
278556
278345
278334
278277
278348
95981
278511
310330
270394
318287
346813
310346
299839
317791
317466
317468
273912
273949
275851
276600
278503
278314
278357
278332
278141
282033
282002
281766
275910
95990
289214
295323
317790
270662
317696
321781
273769
273890
307633
95943
275892
278521
276562
319013
315720
278555
276546
278926
276439
281984
281975
281985
282061
282023
282230
283630
290951
155323
320988
273899
277943
278946
276451
278011
278321
278330
278095
278506
276035
282171
281987
287702
345748
306167
273837
273897
273893
273830
273749
273710
275924
275915
279149
282263
277885
278329
278256
278361
340312
321609
295504
317643
317571
273905
273936
273761
275928
278934
279005
278308
278274
278214
278212
278341
278132
281974
275919
340397
290052
270561
273900
278927
278906
14907
14994
14951
14991
349967
34719
24703
24775
24769
31289
37006
19663
21797
36006
22479
21637
23430
36017
31198
30246
24397
24383
24065
18121
34030
17763
23839
20268
24788
24655
24628
28881
21863
21595
29295
24073
31041
21628
36114
34641
31145
24438
24335
29416
24062
23338
17335
23939
23993
23987
29671
19827
26225
25877
24774
36986
21738
20839
20985
22441
24072
24071
30094
30182
29797
23753
34018
34016
18100
23832
23989
18890
23978
23984
24796
24696
24781
24773
24583
36989
34728
30345
21074
21022
23255
21476
22851
23821
29000
30472
24067
24173
31173
22732
23841
23838
23995
29152
30185
23153
18881
263173
263172
262569
263096
350385
350460
350947
350461
351099
350458
350529
350081
351561
350553
350556
351081
353684
372144
371502
375203
374130
375225
359953
361691
370292
371503
372145
371485
375052
361822
365400
371600
371510
371516
374327
374348
375219
373366
355580
371505
371543
372142
375051
374346
374140
352152
372143
371515
371512
371518
371517
371508
371561
371484
373993
373401
359952
352025
362888
372149
371504
371537
371513
374991
15481
15510
376661
376701
376659
376727
376691
376991
376694
456957
403085
379586
379826
379847
379932
379811
379654
379643
380579
380517
380434
380454
380459
380460
380451
380418
380438
379067
411519
423176
415165
420276
454337
434508
379962
379851
379764
379759
380510
380587
387402
380431
380428
379092
380266
381822
411151
420028
417801
417802
415526
424333
416272
425935
428151
379648
2088720
379910
379964
379697
379663
379860
379760
380570
396205
380585
380539
380588
433754
380457
380318
380311
414076
420287
413040
428143
456897
379765
379758
379652
379941
379757
380556
380573
380593
380580
380426
380458
380449
414588
380324
380190
380409
410976
413059
417886
416723
426746
426737
439800
422166
379866
379951
379646
379655
379642
379750
379745
379698
379920
379761
380467
380519
380437
380443
380312
379566
409224
414095
416730
416707
429368
456896
456954
424295
434020
433778
411144
379818
379712
2088076
380538
380461
380444
379064
380567
385626
414109
414516
377655
417681
416443
456468
412003
425924
379832
379699
379746
379700
379939
379762
380476
380554
380540
380532
380463
380424
380452
380433
414518
412016
411295
411161
417800
379242
412061
426016
379763
379819
379647
379846
379890
379660
379813
379701
380572
380447
380568
413068
412015
420022
412017
426181
422599
428203
263709
263843
263827
263828
263833
263826
263829
263832
263838
263675
264020
263508
263794
264393
57053
147316
204499
145681
167470
164547
95429
104917
53824
107756
256215
107689
89228
77187
204747
205265
231122
121149
204779
209629
205062
77899
495886
166485
168907
89294
204786
57520
57320
72868
115922
204641
204854
205351
57004
57042
242779
107791
107710
77915
166517
45148
118391
94948
45133
66612
125735
138419
138339
138281
67712
61954
115532
57027
191911
204691
254588
235860
194042
154871
215465
235827
205072
235547
56324
56325
204800
196303
93196
46646
92030
168883
100773
138444
57286
57297
204549
204599
204547
235882
129196
235953
123111
107634
204948
205361
226873
235512
235482
82596
107659
107750
92050
92029
140187
235517
60121
106872
115783
153050
107671
145457
251305
249910
107610
88107
250195
235507
250365
119070
235537
210442
59903
165864
204810
204554
73771
185082
85465
118420
10580
193740
138422
106930
57541
57069
57107
57304
140902
10426
109478
13757
107738
107835
164643
135618
164932
164746
167015
166728
166104
166094
204506
185120
106924
95321
107856
107914
57279
57298
57128
57370
57353
57271
57270
57247
64188
106826
59918
164647
167415
166943
220654
197042
140890
92348
157074
204563
62741
125703
166410
196707
102519
117998
249390
87237
124027
107602
107748
75283
57050
57008
107827
107751
107857
230690
204529
205321
80285
164716
165489
89436
118011
105938
256137
256216
89647
205249
204802
205347
204934
87692
94552
95294
67715
114734
148043
260336
138490
45236
67758
57095
62764
147321
126091
47460
254212
88096
88377
188087
107812
107862
134340
165246
205049
106793
95305
69518
66631
106917
124540
205297
57313
57033
88379
204584
204613
204642
65423
235861
88139
235484
156361
188069
82820
166808
100743
92045
136144
91978
265129
106864
138343
138285
107718
56984
205666
56985
153991
204583
204543
194668
126032
64522
111492
115851
249923
189753
77501
84574
73784
128969
95264
106828
106834
106832
46771
57289
57124
147308
72687
57376
57254
57248
57264
254639
47363
84661
84660
167879
167421
164908
166049
178992
138353
140874
57267
57243
64435
251296
155586
188651
242236
39317
189889
165434
167556
166041
166272
204550
215487
182041
187136
182379
185893
140920
94561
56252
144345
95285
249386
107790
167651
165122
167861
166489
66635
204734
177542
194188
45200
95378
138346
50786
204849
107927
116427
205272
116438
114749
76872
120382
120495
254618
204730
165746
204544
95395
88590
89182
107798
204840
204833
123268
117691
57040
82568
56326
107711
107898
107830
107803
166807
165132
167750
85577
92013
76815
173710
118429
158924
106792
155254
127735
106882
107861
153132
124529
204582
204745
204606
204600
204737
235958
64485
52085
119143
65372
62888
165124
204636
106870
156834
106791
68937
107752
107712
57159
57026
10413
204610
204601
148169
233212
112317
64155
64492
107786
107936
107656
106944
167867
166143
166072
165061
204688
204630
75818
91907
144346
57643
43751
235498
107629
255808
166031
164585
164587
167422
166054
196280
197085
196841
197247
197068
45207
95297
135402
193737
104909
59908
130857
57253
57193
254640
107834
107872
107701
135611
164949
167414
165582
165492
166805
197053
106780
116425
116439
85380
135285
57285
57013
2282196
57474
106927
107939
148704
107598
85617
56994
107628
88397
107780
73826
205250
204736
119141
204785
64517
81732
80284
107796
204644
45120
78980
106884
106880
138415
205010
61956
107814
204815
204619
204608
204659
204483
254631
215474
151561
235907
235476
116009
188070
204575
196305
135249
135091
45254
106887
138296
138374
107810
126167
57016
254466
43742
235970
213944
94626
84657
164860
165113
166037
165893
73783
121379
135400
95266
138355
107822
57097
57367
205267
204475
57169
107916
119152
84656
87356
165494
176399
166053
166170
167653
204629
67606
106843
106817
106811
185008
180254
45191
138426
106903
205015
235859
64200
86395
106821
165577
204639
106787
41855
189758
204567
81666
107831
107858
167585
165849
196684
67775
138430
155592
57168
57010
57134
204622
204598
106876
254508
249908
189058
107599
114732
107759
107821
80287
167412
165446
197045
45238
128963
106824
62674
107919
165508
119950
129398
95322
107832
194601
204814
235364
107792
107749
107811
167469
165476
67857
257626
66637
64490
250832
204689
204541
254217
209064
205200
86889
165591
105934
164641
166683
165805
166482
205620
196844
197252
197148
250354
184241
86966
59373
107820
88382
233305
204893
205663
41310
84659
166810
204561
57179
190219
205349
107630
148847
86977
107932
77196
197117
521753
57021
80832
234126
107867
107866
57518
205261
254608
107839
77739
41142
106795
56977
57249
205300
43738
261099
148757
165457
73793
86394
106920
43749
56301
107717
114384
145985
205346
261119
148068
87146
167258
140904
135226
41402
138354
57034
205112
211078
204562
107794
80960
113937
165495
166124
196848
106816
106923
67755
67765
251285
93492
244066
250830
57309
158936
164770
165891
175332
106812
5200
193738
138372
204951
47496
126034
107917
205289
214679
116446
204764
204729
122582
75792
100745
56302
130365
47471
67608
107707
107844
107781
205254
204758
204640
204751
204900
205352
205081
205083
234096
91751
118294
135531
107402
205279
107754
107824
107813
118430
119146
116434
204817
146152
205053
77913
495897
44452
44325
43603
44515
100734
106785
106836
47478
107915
80753
204856
205054
67871
205284
114765
76702
221554
64464
44323
107152
100654
256190
107883
116441
116435
254230
57110
107920
44516
165989
45173
80283
44840
75793
138409
126195
110574
107850
205031
45177
67706
85350
95136
132369
81687
66644
78978
138289
138378
138333
138336
188072
42750
66633
190311
116430
64409
4131
204646
204495
254449
212005
107588
235526
188091
188107
235704
107788
107852
91939
92059
138362
144343
67738
107854
128941
57007
129273
72802
204571
215498
107633
235835
235745
105935
86152
75221
167020
165471
86409
166520
106790
235793
106883
106916
153144
131160
235413
156007
204539
204733
127503
62879
145669
64481
107632
88563
189760
204578
106810
80717
106863
249935
106885
204961
61953
136143
126171
57316
153053
204607
233247
145686
131511
204873
249926
188645
235822
250349
188112
107864
69842
165482
196897
256186
130022
193103
107722
107732
107733
57510
56993
204782
62842
146175
131158
234127
51582
212046
235826
156011
107848
166948
166165
205079
106794
107695
107863
57151
57378
57054
57144
129977
204494
109692
188081
107625
253512
189061
143865
235823
250359
255700
45178
138399
138299
68861
144336
106874
148636
155527
88380
204850
194969
64532
204950
55145
235824
235464
208789
106941
197157
67769
130867
138368
41383
204928
144240
144236
56998
57074
194685
155623
205035
205028
153070
157307
150037
235828
148216
155224
107806
135256
46643
85578
106913
57553
131159
88391
204609
204551
204857
204559
145671
254507
189443
115208
188104
92047
167478
92058
197115
138418
107846
57158
57156
57307
204887
204574
204809
204553
204627
204496
62828
148170
215503
64494
107640
232519
166519
133320
104890
138341
107815
107801
56980
66636
57277
188416
204603
204566
204776
43789
64521
235825
116428
235731
107921
165923
264920
193744
106825
106822
57045
57000
57077
116599
204819
204482
204616
204744
204637
204765
64534
235821
80835
56329
92008
166518
91985
196700
196697
84998
92347
136093
205233
57088
155450
116432
10412
204770
234095
243843
64503
107606
215471
118064
235923
166835
92056
165472
204580
106805
106804
115608
138364
57363
153078
153055
73774
204570
204560
64509
64504
88133
107809
76629
165481
84908
67708
106829
106797
106842
138360
65880
57028
57136
116445
212004
204618
254625
192548
251304
64460
235775
164586
166762
165866
164887
196838
196956
91996
106900
45240
41295
106798
256037
57160
57043
57181
73828
88484
235851
235511
107826
107884
107942
164905
166036
166077
166484
134250
158954
86408
183666
57126
57300
57020
73772
64416
204842
164562
167227
205216
196719
197532
197531
171806
41362
45205
68938
47487
133656
57081
56983
57123
57049
10423
254367
204525
107761
106844
164853
166817
165320
204589
204556
131154
93762
57121
57044
57116
57031
57100
156358
46675
106943
114920
164921
164682
167369
164861
164797
136299
67701
144341
57178
67056
130847
119488
205356
123329
60667
165741
166059
204591
204507
204760
164542
197151
45199
184108
466748
138358
67764
115569
57046
57047
57375
194921
57017
57259
57250
57188
165995
166743
165416
197041
197118
197374
106940
158937
115582
106934
57103
57570
204649
204872
107614
117689
188103
185093
164901
164583
167107
167887
167250
167293
166048
165764
166487
92346
106911
57171
57135
57373
254647
64170
235497
86756
14146
164700
166954
165420
165876
165060
186947
185121
45206
70954
66588
123937
138347
57152
57155
148177
250203
107853
107818
107829
165506
165993
204557
164602
204645
140912
114743
180228
92337
118421
158933
95500
57295
57051
235418
234102
157071
88387
88095
107934
135613
164597
176529
165319
165802
164742
204634
197276
183644
168885
157772
41140
67707
144348
107918
57359
57288
57242
130877
234120
76914
104900
166809
167418
167434
167121
165283
166186
166497
204555
197043
197132
57015
57139
43744
254269
204847
64458
56176
235515
164649
164759
165459
167582
165062
167275
165759
165056
167565
106837
106815
185084
178723
106895
295358
57319
57101
57187
129194
205064
107604
164699
164672
167427
167468
164793
165309
204638
197494
135240
197113
196944
67702
82840
100653
107840
57098
57263
88384
64203
80872
190261
107925
166961
166457
166755
165520
166107
167506
204719
106862
106932
144333
205293
57117
215461
235830
188109
235510
264712
134275
67658
172722
194669
254632
138432
92342
204573
204500
153509
205365
189488
235457
205409
107740
83526
167322
164879
166824
166093
197313
196840
196919
196481
45139
138420
57566
56982
57014
57023
57132
57364
57251
254394
43746
189055
88396
106846
165719
166480
204593
106831
46647
194764
123666
205012
61955
107825
229865
204725
204723
205174
117685
144467
107592
256214
107816
107823
107859
205278
125605
121146
62866
204766
228699
204894
46645
44329
205343
107734
107611
204876
205270
120572
188616
204727
204838
205357
64167
205082
230493
75208
89291
89459
88944
77756
156841
189827
256191
145677
204728
88366
204768
204938
235797
86981
45248
377431
113675
42751
95288
256231
235452
467640
135479
140580
138371
138431
138387
138348
138388
138282
106873
204943
153059
57078
68935
204569
251302
214663
215502
235442
235516
57037
107847
91974
101247
156355
235951
138400
138416
144234
57153
204594
204498
114646
113286
131168
64488
234655
234085
215467
114761
215494
235545
157059
106778
166527
67752
85579
106809
106886
57147
57024
115831
215501
80943
235831
235727
235513
107807
166525
106802
135496
138384
138425
144334
194920
57001
57073
204597
204643
204605
204781
254277
148750
120928
235832
56913
135284
181515
106867
107704
57352
204759
204576
204612
251313
152156
235833
250363
235735
235490
106830
167584
92073
92042
92037
92340
104918
138342
138424
130822
204581
156460
116450
64518
115890
108957
235836
205668
81539
235059
235914
205050
166529
196689
185123
138363
138365
144350
123668
57357
204852
204538
254490
234067
240503
140882
215468
122112
249318
76814
106838
134341
235877
106806
138376
138298
95313
116444
57234
204631
235067
145432
118425
235857
243528
235715
82986
134339
165118
204572
197345
92060
84905
135250
106840
130173
56999
142521
225581
204558
204588
251318
64499
189474
255691
235729
83194
56332
167138
204497
10582
193741
138389
59539
205269
57308
57183
204596
254624
254292
107587
235450
107585
107586
235525
205320
166528
196283
57362
57142
190653
205088
204746
235837
114944
115209
88135
242777
235532
235736
164557
165486
39137
106788
194440
61960
57283
235419
153052
154389
123130
106878
144151
215472
235445
235443
83019
107833
165477
185464
106801
106782
138297
41368
229846
57076
204611
254226
88561
147311
204954
152216
148785
88140
205355
165316
204577
196713
45176
80320
106910
138433
106877
106881
57317
56979
57368
10425
204492
204564
64483
204861
204952
125734
114946
167749
180252
148166
57141
57125
59196
116426
57255
57195
205348
123584
235462
188108
106823
164934
166500
167424
75211
77028
180244
234105
106799
138357
95291
67798
56279
57118
57022
64199
235365
155903
81522
166034
166343
165497
167848
165833
77029
164909
166479
196451
85807
45202
138435
57287
57143
57036
109691
157899
158946
196260
165584
166021
164817
166360
165841
186573
45172
45124
45239
57163
57030
144224
57038
148826
176888
164899
164683
164584
165760
167579
165526
73829
168905
197134
106933
45039
135434
193742
138390
57032
57318
57244
64426
59182
77141
264742
107661
80286
106892
106914
164582
167573
167748
166274
204853
166944
197143
264778
264655
106942
56996
73770
77971
106820
165257
164829
167409
164915
167249
165775
166259
204542
204602
87422
197111
196873
105726
45212
45168
57372
42974
57568
116554
57237
73795
254518
88098
165921
165438
167572
165859
197384
204620
204585
73744
138359
144344
58098
57294
116454
57039
57011
148590
130876
254493
189050
251342
165458
165451
165903
166088
140923
124270
107698
58015
127021
84662
165114
165317
167813
204615
166499
196397
44514
197135
197056
181989
47121
106786
57140
95742
64451
205388
107875
84253
14067
82600
106936
140949
164872
197060
197084
197114
92066
185105
45149
295345
57284
57057
130881
64447
114751
235514
107931
107727
165244
167423
165439
165004
175248
185463
45203
99910
106937
57048
164598
167196
166019
167016
164839
167580
164642
166803
165946
166260
73745
197322
197155
197127
76915
194204
41143
138287
205268
57148
57129
57096
204668
64166
93491
235500
107828
164648
167574
204552
197211
106922
106901
128981
180238
92343
106935
144347
204912
88383
73729
234068
254290
254476
120878
241072
62825
165991
164723
167323
164914
167825
204548
196740
45136
104921
138391
44282
57133
57099
146168
65893
57268
64453
235459
147605
165306
167021
204604
168908
197051
45210
99892
44973
117591
111709
106827
204590
99651
107702
57072
57180
204837
190243
64266
84074
165247
164667
156353
188124
164710
165433
165473
166503
166816
167821
165789
165725
205484
197120
95290
135396
122585
59607
106945
115607
42747
92339
256096
107808
107819
107845
73748
204989
87425
89435
66638
77754
62886
122587
249896
256213
107855
204875
80874
205345
62312
138340
57305
145502
204617
93993
251307
57041
140933
188049
196262
77979
138441
138385
107837
57292
153113
204628
204579
153099
115893
155925
235856
204903
235529
242778
92055
197343
85462
130249
106019
106800
138356
129400
57167
57093
204816
204690
153111
254228
188080
53827
215497
10632
166018
165478
92341
106807
138401
104916
106912
127449
107849
94541
190335
205111
254427
64463
88137
197495
196424
45163
57109
57321
204546
204660
254455
235066
115858
107593
235726
235546
235739
57185
81296
196692
95259
138361
106835
205292
57296
148759
235437
235966
215164
148814
235528
80288
91943
91944
165537
204739
92061
138427
106925
56995
235410
153056
204493
254619
254437
64459
250482
107714
193937
128555
264653
234086
138421
194090
131167
254445
155485
189052
83653
88141
235509
128813
56327
45209
62776
57157
56997
57052
204545
254293
148800
155229
84966
138386
157097
145705
153054
204621
115896
150070
188105
117883
167858
196836
77842
45135
45132
106833
106819
138428
106926
57138
57102
66630
57199
107631
235386
235712
106928
164832
164563
167425
165236
165053
205420
197306
167410
138436
57056
116451
64189
64457
197543
164549
164796
167577
166201
197285
196843
106939
194196
106909
140939
250201
164854
167411
166341
165449
55156
197281
106868
85460
95265
235448
138288
41300
57119
57114
57274
43748
166293
165750
165906
166159
166095
204735
166504
197047
197129
85611
180597
45253
45244
135395
106814
56981
57354
57322
57374
57272
148799
220802
93899
235858
84658
194452
168943
166501
166079
166488
204540
197065
196598
46577
138350
57645
57173
57104
62867
254405
119142
134043
164936
164798
164771
166473
176541
166161
165543
171837
205236
196947
197119
45171
145459
57055
57130
57131
147313
164883
164560
166481
204587
204595
197315
197266
106781
185131
138434
94515
121147
235483
88093
164902
164755
165990
165493
197388
165758
185127
106921
45220
95375
106897
106931
144349
66601
116464
57112
57366
64415
254644
235486
167426
167371
165091
167779
165736
196314
72867
181633
138331
153085
145701
64441
64530
188126
92054
85580
138392
57161
72436
147604
235461
235508
164945
167226
167539
166492
204841
197052
197123
180287
45208
135286
260980
118295
62831
119296
107753
107879
94909
204726
204724
204732
205029
82500
86978
165487
166209
166173
89460
117678
82823
204382
204383
62861
66837
78976
204877
87429
76926
91910
64439
235523
82827
85464
106845
136145
45154
140225
138290
138442
138286
56255
115807
153048
204586
191532
125175
254400
146135
235447
148767
249678
81399
91991
45185
106949
138332
61957
129212
57005
57058
115902
43769
154390
189108
130944
148768
59289
107851
166526
158915
59905
75610
144335
57177
42808
57029
57310
204731
204480
204491
204808
204845
204650
254511
204927
107596
188572
215505
81526
106023
179570
92344
107865
57293
204740
153068
153044
148849
261104
86983
197353
197104
45243
136004
138373
57439
145455
57120
120494
222994
225580
149976
235504
84651
164792
167859
166097
92072
45731
134897
92345
158953
138375
127502
231726
204614
119898
79294
119856
232839
135615
165225
165224
165483
43353
138367
59531
144320
57075
57003
41312
254395
119949
41311
235737
77682
76567
87098
92338
44104
153140
76385
204565
204846
188121
148841
256107
80712
92057
180277
62011
106813
138366
190262
57442
145639
254438
53898
235489
156357
165992
164903
167471
167182
165818
196835
104910
138284
138369
66600
57019
57012
57006
140931
88381
77924
165501
166427
165831
166531
164601
166493
196823
177677
47364
46521
57105
107637
250198
79292
107817
106841
134306
165264
165581
165496
165772
168929
204975
197106
85430
57137
66665
204805
254406
83525
164856
165436
166490
196857
196957
197102
167416
140908
45162
190046
57113
57301
212049
57273
204527
205354
165450
165448
165609
166494
197074
196302
85603
106300
57371
57369
57269
94400
240133
64183
164599
165454
165791
166498
166495
196438
167420
184240
138352
106888
57035
156405
59718
158951
165500
165780
166483
164998
167966
166505
197130
81691
106908
106879
57384
57246
64456
165444
165435
167646
166478
205650
185111
171810
85324
106898
57025
145687
94557
57266
64175
167753
135243
106350
215496
150294
82837
134342
166357
45201
83424
204871
90281
107836
85117
106875
68373
9368
204632
254227
118423
148853
167428
166336
45235
75415
57260
204592
254622
43736
261101
116017
212045
125486
205242
165575
166524
129991
66246
153145
155469
166778
167475
167430
165479
196405
196918
53342
106808
57127
204801
188916
165872
165888
166020
167655
197140
126533
99893
83528
59530
147319
57275
254513
250191
167463
167860
167616
165922
165296
165527
200677
196896
196717
57115
216249
164665
166735
197125
45204
45211
164816
205258
57290
204784
256349
100760
166530
185108
204384
204844
107802
88634
107937
153049
204769
205330
166698
157102
86052
197342
261077
106890
205280
204992
205030
204767
235405
254487
251306
215477
43737
152929
205466
196951
140909
127557
191394
57009
205056
215473
251301
153122
119668
206017
65884
235730
165243
138407
42749
215506
57252
204528
251303
164946
164711
167466
197352
197048
196837
196820
182387
106889
88559
65887
57233
123617
94572
43735
166298
164933
165258
165437
165488
166496
197380
197046
235814
57106
43725
145974
235367
167449
167205
166486
165069
79186
57291
204860
215500
56328
165447
197133
80347
166621
138351
204662
167476
148797
254435
152053
256131
235485
76691
165211
165474
167564
139252
254638
150063
107700
148835
205044
150032
229640
190229
205285
197145
88386
204848
164730
92025
187924
144340
205291
205271
82831
166024
129944
251295
235829
84683
167581
167744
57513
89336
57079
254643
150143
250368
235524
76344
84655
166502
166358
79979
75660
167419
166515
205259
145637
205189
91938
128939
267935
266687
266686
267133
267234
267291
267300
266660
266662
267127
267197
267249
266674
266673
266746
267153
267150
266731
