2285
436308
1032473
1198449
1028567
330779
455573
1435377
1104324
930943
930945
426118
427317
429572
419942
439386
555311
273057
1006006
43687
399549
2283
1326980
926571
1028566
1241935
427318
273063
1457918
1417673
348780
1227456
797209
662478
268739
523841
478009
1456501
1457940
1227498
795797
543526
1227461
662480
797303
1227487
1227494
694430
1227453
1173487
1230454
1227454
2246
1457792
1033806
469382
1456443
362976
1230452
1227462
1227464
1227459
1132509
1227455
931277
1261545
1227457
1227491
1227496
662475
662476
1227490
29540
1227452
634497
662477
1457723
358396
1227488
309800
1230459
1227485
1227466
485914
1210908
1227460
1457713
1230458
1227463
1230451
1333523
1227481
2242
797114
519442
1227458
1495067
1230453
1227489
1227483
1227468
1227467
1227465
1227486
416348
272569
768065
662479
64091
1230455
797302
797210
797299
797304
1227484
263820
333146
